"","AA","AS","B6","DL","OO","UA","VX","WN","EV","F9","HA","NK"
"1",204,9,35,290,2,6,27,7,12,1,26,11
"2",10,7,9,71,67,7,13,14,154,9,63,105
"3",33,1,342,3,10,4,4,4,2,11,15,65
"4",8,13,37,4,30,13,7,8,43,41,19,8
"5",7,13,83,137,10,20,9,14,44,86,8,19
"6",10,68,84,1,224,1,1,3,14,184,1,3
"7",8,4,24,77,73,11,3,100,1,76,6,73
"8",12,1,12,1,5,7,10,20,246,58,24,13
"9",96,55,8,67,76,29,16,45,17,52,32,70
"10",41,1,17,32,16,31,239,20,63,33,3,45
"11",5,7,97,4,9,32,24,4,294,38,2,374
"12",4,2,107,9,1,4,1,21,115,172,3,10
"13",32,1,91,60,53,1,1,2,43,92,14,24
"14",23,11,62,76,46,2,28,22,2,9,1,35
"15",3,3,14,72,39,5,4,60,37,48,1,9
"16",17,6,11,217,7,132,19,9,72,66,76,9
"17",2,22,11,9,1,70,44,4,83,20,1,175
"18",4,27,26,2,14,92,6,104,132,86,3,33
"19",40,43,134,7,1,35,2,14,13,166,6,9
"20",30,5,123,226,99,9,20,7,12,46,6,96
"21",23,42,46,27,47,6,26,10,31,190,1,9
"22",12,3,49,1,98,9,36,31,886,178,30,11
"23",51,1,4,3,35,36,36,11,7,1,25,53
"24",50,4,1,23,19,2,11,4,1,197,24,18
"25",60,1,19,137,75,3,18,11,5,32,16,170
"26",29,31,68,38,74,32,44,11,32,59,13,5
"27",1,47,26,13,1,20,18,10,21,61,2,57
"28",14,41,12,1,123,4,13,29,33,30,16,20
"29",3,25,6,7,88,105,38,19,50,30,12,6
"30",25,4,188,179,2,13,12,69,25,27,6,40
"31",20,4,18,3,85,3,10,12,62,71,3,116
"32",31,2,10,5,1,12,18,1,1,217,18,55
"33",8,31,4,92,10,89,40,1,29,52,18,3
"34",48,24,75,37,14,191,16,37,28,7,7,50
"35",6,93,19,37,7,134,28,39,19,29,26,41
"36",45,97,25,7,95,6,8,9,93,6,60,26
"37",31,7,52,25,47,2,26,3,112,84,19,113
"38",140,12,29,12,12,17,24,20,44,13,4,1
"39",3,5,53,7,7,68,51,9,122,93,12,90
"40",8,8,12,3,13,84,9,10,6,18,1,24
"41",75,34,191,453,75,4,39,4,89,60,1,1
"42",5,24,1,9,3,58,49,7,23,5,161,24
"43",55,12,2,106,91,5,5,2,114,81,31,50
"44",70,4,52,68,13,2,27,29,16,10,2,22
"45",31,3,10,399,1,436,2,9,5,10,1,2
"46",16,8,1,23,52,14,36,35,48,11,8,2
"47",222,1,5,17,26,2,277,22,11,9,13,231
"48",22,13,22,67,17,2,18,18,8,159,2,6
"49",17,6,7,34,185,1,42,24,51,27,3,14
"50",15,3,2,20,3,7,7,12,5,101,2,2
"51",83,10,5,12,38,12,120,13,29,4,1,51
"52",16,6,82,174,148,22,4,10,41,11,7,29
"53",6,27,37,1,4,3,37,3,64,17,6,39
"54",83,15,92,4,81,171,24,22,51,66,5,27
"55",4,32,13,12,23,55,2,2,1,19,1,34
"56",6,4,12,9,27,61,14,95,7,37,7,35
"57",27,7,4,14,46,15,20,28,40,1,18,162
"58",3,1,45,4,31,27,77,3,41,18,19,9
"59",267,9,3,22,7,4,2,3,36,15,6,9
"60",6,198,69,8,125,80,47,53,150,79,18,52
"61",218,6,11,144,58,12,8,1,60,13,1,5
"62",28,3,60,7,43,84,13,5,65,14,10,43
"63",137,20,10,27,3,2,45,14,3,22,5,100
"64",1,3,4,813,1,5,10,2,6,26,4,53
"65",10,2,48,165,7,52,5,19,25,11,5,2
"66",32,55,5,43,67,31,23,5,1,117,2,6
"67",1,84,13,25,1,6,3,91,154,8,3,47
"68",13,17,34,7,23,13,24,11,72,20,2,6
"69",29,243,3,44,87,18,6,117,41,19,6,6
"70",2,7,157,328,90,40,139,2,118,1,29,24
"71",14,20,2,77,19,95,47,2,49,17,10,4
"72",40,8,6,18,52,1,10,1,43,19,3,34
"73",24,8,6,7,135,124,5,8,1,2,13,24
"74",8,9,19,16,1,35,94,21,19,37,20,10
"75",178,67,20,14,2,6,21,41,32,3,13,4
"76",51,8,12,30,2,146,4,6,114,30,28,13
"77",9,9,25,151,7,33,61,2,22,51,4,85
"78",42,33,21,2,24,10,30,6,9,21,6,24
"79",74,17,36,11,1,15,11,1,5,85,4,106
"80",8,11,14,101,5,4,29,24,5,3,22,1
"81",4,6,32,14,48,35,5,3,37,9,8,194
"82",1,12,14,5,138,1,15,42,25,32,1,5
"83",6,3,7,1,16,80,17,4,137,40,7,14
"84",2,62,2,351,74,6,3,29,60,7,3,90
"85",48,26,13,452,15,1,8,5,181,1,4,1
"86",8,4,23,120,17,1,4,8,5,8,4,11
"87",104,1,45,109,34,2,14,40,3,98,12,12
"88",121,4,5,1,5,5,54,105,64,25,14,37
"89",43,1,13,2,54,8,76,7,149,7,3,52
"90",22,34,3,6,80,57,2,12,6,26,2,28
"91",28,35,3,115,45,228,28,13,9,4,9,117
"92",23,28,36,97,13,7,8,11,5,47,17,2
"93",13,8,233,1,13,9,4,1,1,141,8,78
"94",21,7,9,38,2,22,5,27,10,39,2,106
"95",7,9,68,115,11,86,3,12,6,26,14,113
"96",101,11,1,6,7,2,1,2,27,20,6,57
"97",20,3,50,221,7,11,33,24,39,27,2,25
"98",19,14,2,16,19,5,51,16,6,35,5,65
"99",88,1,28,191,45,3,20,2,2,51,3,17
"100",46,14,5,24,1,5,4,6,14,8,11,38
"101",2,18,221,2,4,166,3,13,44,13,2,36
"102",1,56,7,3,109,2,12,5,10,46,4,10
"103",11,57,33,15,9,8,9,25,9,12,5,21
"104",47,19,3,31,84,86,6,3,14,33,6,76
"105",9,12,85,53,61,4,8,15,29,129,1,42
"106",11,5,7,16,54,29,15,2,67,8,24,26
"107",7,8,3,18,2,26,52,68,48,18,3,8
"108",7,3,16,218,2,120,28,1,20,29,7,1
"109",46,6,4,247,97,100,12,36,64,26,11,28
"110",18,7,85,10,5,31,5,14,6,363,1,43
"111",16,147,7,74,220,10,23,6,7,8,4,14
"112",13,8,15,1,13,50,69,13,43,1,1,147
"113",27,1,77,4,252,11,5,1,1,122,74,4
"114",5,89,25,18,11,4,32,22,167,16,8,29
"115",60,2,34,2,2,12,10,19,6,52,3,13
"116",2,87,31,405,10,4,38,7,65,194,836,15
"117",84,23,120,11,1,64,2,173,5,8,5,17
"118",27,1,9,2,37,3,14,49,26,23,25,9
"119",42,41,7,2,62,19,1,74,87,49,22,30
"120",4,2,9,1,25,44,14,28,20,47,47,55
"121",64,8,10,27,14,175,62,1,5,36,14,29
"122",13,7,93,23,146,2,2,6,50,30,1,93
"123",10,4,2,210,64,25,6,30,173,13,111,34
"124",68,57,152,24,87,63,4,39,55,2,5,46
"125",66,21,4,8,1,6,9,2,47,34,3,135
"126",61,3,20,389,41,1,8,73,15,24,6,35
"127",23,134,22,1,6,13,7,13,25,33,3,61
"128",12,1,107,200,79,12,8,32,30,69,7,35
"129",1,10,1,65,23,24,24,63,16,21,11,6
"130",87,16,10,25,81,2,15,6,14,22,26,61
"131",17,9,2,3,6,77,2,10,245,9,56,11
"132",273,117,7,178,30,26,4,16,22,32,7,78
"133",51,18,39,48,2,1,5,6,30,53,12,186
"134",39,18,126,45,6,233,49,7,209,79,17,10
"135",29,61,31,7,8,9,3,39,23,17,11,12
"136",1,6,158,3,44,1,2,4,5,59,8,39
"137",106,13,4,9,66,1,4,4,51,3,29,1
"138",28,58,10,20,84,72,95,25,45,50,10,6
"139",60,10,11,6,8,11,90,3,17,31,18,36
"140",1,29,3,26,22,165,9,57,70,3,4,99
"141",8,12,165,67,34,87,3,307,71,13,22,61
"142",1,19,18,15,46,5,93,10,1,6,5,13
"143",211,4,1,18,78,22,10,10,37,1,2,92
"144",205,8,4,13,8,1,6,5,32,36,36,1
"145",6,16,101,6,6,20,19,60,137,52,3,72
"146",12,70,1,43,347,12,6,61,91,15,10,16
"147",71,3,1,3,79,8,5,4,4,6,12,4
"148",6,15,15,5,13,46,6,21,37,79,2,2
"149",36,23,12,2,23,29,72,66,234,89,17,18
"150",18,6,44,46,4,2,9,11,20,44,25,10
"151",128,7,32,3,11,5,3,9,5,37,3,18
"152",83,9,5,76,12,21,29,4,10,16,2,88
"153",26,4,2,279,52,4,56,13,1,2,3,35
"154",187,3,3,1,77,50,45,52,22,19,7,5
"155",93,149,21,30,54,19,36,22,19,13,10,101
"156",59,67,115,5,28,7,7,29,28,41,15,4
"157",2,5,96,13,67,29,7,1,2,12,1,3
"158",4,34,124,15,37,1,42,38,15,26,1,52
"159",18,12,5,1,4,37,10,33,91,84,7,11
"160",3,30,20,6,4,6,48,3,10,13,1,2
"161",45,10,16,26,34,25,1,50,120,6,2,5
"162",3,5,5,11,23,3,2,53,51,35,1,8
"163",1,10,14,167,19,16,58,27,20,28,10,1
"164",6,7,22,28,7,28,100,13,3,15,49,117
"165",13,3,5,187,6,108,4,3,71,3,4,135
"166",3,3,91,6,13,101,2,6,71,104,6,14
"167",230,4,36,2,27,9,1,65,40,78,12,21
"168",4,1,91,27,46,13,13,2,18,38,6,199
"169",41,84,228,8,19,7,5,7,42,8,2,86
"170",61,19,2,7,36,2,4,24,25,166,3,69
"171",1,5,167,12,52,127,2,13,27,24,56,22
"172",5,28,45,1,6,46,15,93,35,65,11,20
"173",33,1,90,64,4,94,102,32,23,19,1,51
"174",3,49,2,9,34,95,70,44,92,15,39,18
"175",1,10,75,65,22,117,30,135,16,74,23,54
"176",143,44,5,26,170,169,7,10,460,16,5,74
"177",7,16,30,10,27,15,3,3,15,2,5,1
"178",36,6,44,10,54,13,12,7,36,32,17,144
"179",118,36,15,37,38,16,23,117,11,8,8,22
"180",77,54,4,16,6,14,21,96,56,16,54,7
"181",1,15,5,5,10,1,2,20,15,22,17,2
"182",4,12,17,14,13,7,12,2,86,81,3,70
"183",220,5,6,8,6,42,97,8,20,28,2,36
"184",102,6,175,29,88,41,15,93,16,120,5,81
"185",1,63,34,14,46,13,7,26,20,9,11,4
"186",17,5,6,1,29,4,27,38,7,5,4,33
"187",9,1,23,10,11,15,1,15,11,50,41,33
"188",44,1,171,26,5,65,1,40,96,38,5,1
"189",8,4,94,24,21,20,5,10,23,24,73,3
"190",12,1,5,136,73,8,14,16,1,71,5,23
"191",7,9,56,1,21,18,66,3,12,18,7,144
"192",12,34,5,55,1,7,4,7,34,12,8,6
"193",82,7,22,8,212,6,1,4,10,205,1,14
"194",49,18,70,5,1,4,66,8,13,1,3,26
"195",41,62,15,37,9,142,10,31,2,30,6,37
"196",26,3,29,66,15,13,49,18,35,113,1,10
"197",8,40,156,72,4,22,2,4,50,311,5,1
"198",1,15,36,8,2,13,2,27,207,14,1,1
"199",2,8,90,47,16,18,114,2,178,2,1,7
"200",19,30,48,10,13,69,17,1,18,24,5,53
"201",141,105,11,1,53,1,32,10,7,16,4,302
"202",3,10,7,1,33,18,17,57,25,12,47,59
"203",29,18,152,68,9,188,22,44,14,31,1,2
"204",2,2,15,17,39,34,33,3,95,10,7,119
"205",1,14,141,33,20,2,55,2,8,64,19,13
"206",95,1,10,20,40,2,1,9,12,27,2,1
"207",12,35,11,13,60,2,30,10,10,8,11,109
"208",32,10,17,11,40,1,15,18,26,59,241,83
"209",4,8,22,19,29,53,155,9,18,5,5,228
"210",5,4,34,1,18,148,18,36,24,4,10,16
"211",11,13,39,1,90,320,12,11,136,100,61,19
"212",122,7,5,2,144,24,7,26,42,23,6,62
"213",6,14,21,262,8,5,3,6,46,4,16,28
"214",77,8,12,28,24,66,16,1,2,2,1,25
"215",37,18,74,3,24,21,47,5,8,1,13,29
"216",37,17,9,8,114,5,18,44,49,25,9,33
"217",7,9,24,50,16,114,8,10,3,78,13,19
"218",3,20,259,6,3,9,43,20,95,117,8,6
"219",4,3,47,10,96,8,38,19,14,5,4,820
"220",5,10,20,7,13,127,80,6,1,90,3,204
"221",22,3,1,2,46,7,27,9,10,25,4,43
"222",91,6,3,134,18,7,14,22,382,6,5,29
"223",4,12,5,66,2,45,14,11,175,7,1,10
"224",27,7,2,3,10,1,43,4,152,23,17,11
"225",154,41,24,177,2,29,3,25,106,9,11,63
"226",28,33,240,6,15,26,5,17,3,248,12,3
"227",85,18,17,25,7,5,7,21,5,45,81,1
"228",39,1,16,27,4,1,69,45,31,68,3,40
"229",11,9,3,8,4,17,13,1,7,39,33,17
"230",2,5,77,13,37,18,73,82,45,33,9,7
"231",1,11,48,6,1,7,30,51,85,14,29,10
"232",35,143,18,64,11,124,16,117,11,478,1,133
"233",57,100,2,18,10,2,12,8,31,27,5,1
"234",43,31,2,70,16,2,7,7,5,12,25,9
"235",29,21,23,61,34,6,4,9,6,87,21,171
"236",2,4,77,9,10,4,98,31,7,345,4,36
"237",129,6,28,241,4,28,19,18,65,191,9,58
"238",15,13,64,10,16,10,16,2,22,63,8,54
"239",49,3,15,15,104,1,12,177,13,9,13,2
"240",19,29,7,19,220,51,21,2,19,9,76,102
"241",49,34,121,1,25,74,20,7,18,25,3,12
"242",1,15,3,23,2,124,20,33,158,3,8,30
"243",48,24,122,4,1,9,4,21,18,7,1,12
"244",16,17,4,89,6,4,24,9,2,218,3,75
"245",27,6,128,2,5,106,15,13,10,10,26,6
"246",13,3,225,7,88,5,48,2,5,8,2,14
"247",21,56,19,7,12,29,21,9,23,36,1,30
"248",68,81,6,61,7,128,1,1,10,79,32,1
"249",1,2,22,3,12,1,45,21,18,10,25,136
"250",349,1,17,1,10,8,120,5,61,36,9,46
"251",97,54,13,92,102,2,10,32,2,5,11,144
"252",6,4,12,56,6,28,18,3,296,9,6,7
"253",13,12,19,185,3,4,33,1,3,1,6,46
"254",126,41,35,1,114,3,80,5,62,10,3,41
"255",130,25,11,1,25,5,10,4,7,8,5,7
"256",2,11,12,95,85,191,11,77,4,14,13,195
"257",2,57,7,166,22,5,1,115,47,38,18,23
"258",34,7,17,4,13,4,26,22,20,174,12,159
"259",8,57,20,16,3,23,7,19,97,42,6,458
"260",2,2,23,68,22,26,2,51,37,31,21,17
"261",113,15,36,19,2,11,21,12,1,106,2,5
"262",37,17,22,294,5,17,3,19,26,4,5,3
"263",40,8,17,5,52,12,1,12,30,87,2,41
"264",48,29,119,30,11,50,15,24,59,6,1,14
"265",2,6,21,2,22,6,8,8,70,33,16,74
"266",6,2,12,38,3,5,2,26,77,72,6,45
"267",1,17,4,23,97,213,7,2,115,54,3,126
"268",8,6,23,13,4,2,72,2,16,49,9,1
"269",138,4,116,9,8,162,20,4,160,9,13,369
"270",33,9,7,79,39,6,98,13,49,73,1,1
"271",8,2,5,23,184,61,67,1,56,80,2,62
"272",148,43,45,122,25,2,33,1,3,21,34,77
"273",80,29,12,104,69,5,24,56,96,10,11,8
"274",16,42,14,67,22,197,5,14,42,9,98,23
"275",150,2,44,50,131,6,3,2,8,5,83,2
"276",99,1,50,13,45,66,7,19,18,40,29,12
"277",96,24,6,34,13,2,9,1,149,74,15,1
"278",89,8,3,19,59,14,38,110,7,104,7,4
"279",4,14,293,4,28,1,1,41,57,18,1,69
"280",4,1,19,198,23,15,33,40,97,16,36,36
"281",3,29,13,217,93,2,99,41,126,14,20,38
"282",71,17,168,3,21,28,7,12,58,44,1,45
"283",3,5,132,157,10,9,9,10,124,1,4,14
"284",3,6,21,18,1,8,45,5,44,17,1,21
"285",471,11,7,6,54,20,80,44,116,56,31,40
"286",70,81,11,14,18,5,27,24,8,9,24,12
"287",5,2,14,33,1,22,1,4,14,11,1,115
"288",1,18,218,3,67,22,14,8,19,337,19,73
"289",21,92,159,52,4,1,23,27,82,105,14,109
"290",1,1,35,21,43,201,10,21,80,10,9,191
"291",1,72,114,21,3,1,57,14,20,4,50,113
"292",230,5,2,9,54,41,11,14,127,18,3,37
"293",7,123,215,34,31,6,39,23,41,9,8,121
"294",87,35,30,303,14,31,14,21,3,3,2,25
"295",135,3,6,127,33,1,33,6,18,29,4,3
"296",167,7,1,3,1,3,3,6,10,12,1,6
"297",35,2,2,19,51,25,49,7,46,9,14,50
"298",16,29,13,78,20,91,5,10,2,15,31,63
"299",15,66,67,289,66,56,86,3,9,21,3,4
"300",12,11,95,12,2,67,30,68,159,1,6,12
"301",2,1,1,169,10,10,4,19,58,5,75,5
"302",26,10,24,1,3,50,22,18,8,1,1,3
"303",11,4,55,18,18,84,25,5,50,1,3,17
"304",48,8,26,7,7,8,5,1,15,50,7,26
"305",11,49,29,19,48,13,1,20,37,7,6,1011
"306",9,1,38,24,11,1,51,14,10,26,29,24
"307",2,1,115,4,6,3,11,27,99,2,5,42
"308",17,4,24,26,3,1,7,25,89,161,5,239
"309",5,21,63,5,2,7,48,2,32,2,18,21
"310",20,4,81,28,27,52,3,13,59,15,1,34
"311",219,93,85,9,34,168,36,1,13,2,3,11
"312",7,1,15,7,71,64,5,22,32,198,2,108
"313",10,22,9,3,18,6,3,54,83,12,8,230
"314",110,1,23,50,8,30,3,2,64,6,20,188
"315",165,1,145,62,35,89,156,103,136,12,22,9
"316",28,70,24,7,14,7,10,1,21,10,4,133
"317",14,4,10,6,11,13,6,20,77,13,6,145
"318",12,11,177,19,1,31,1,3,106,115,11,147
"319",54,4,3,2,25,8,2,12,48,12,1,28
"320",319,69,17,3,51,2,19,63,28,18,108,8
"321",51,36,59,51,43,11,34,18,41,16,13,1
"322",91,18,23,117,26,29,17,4,10,100,18,170
"323",31,9,68,17,11,92,61,2,57,61,6,22
"324",15,6,245,20,7,2,182,21,10,10,9,2
"325",40,3,32,9,17,172,21,36,18,4,38,25
"326",84,12,47,68,14,140,2,50,49,68,1,59
"327",7,31,11,27,184,124,3,13,7,20,14,3
"328",3,1,1,14,90,15,1,136,213,191,4,24
"329",19,13,48,1,201,2,84,38,49,9,8,63
"330",24,4,10,18,3,43,3,1,26,2,11,1
"331",2,71,93,2,4,1,7,60,47,1,23,35
"332",3,23,24,436,142,3,2,10,42,26,2,20
"333",11,188,3,3,52,54,5,13,117,9,4,144
"334",80,6,4,3,81,2,17,3,12,16,2,102
"335",3,15,2,38,13,9,13,8,30,29,14,7
"336",3,15,19,13,2,13,6,71,167,37,3,58
"337",12,297,43,12,24,29,39,1,2,8,13,11
"338",1,3,101,4,1,14,39,5,5,29,8,1
"339",13,6,6,16,19,54,3,46,142,683,3,11
"340",3,7,31,6,73,83,9,8,8,19,3,65
"341",149,13,6,12,4,4,12,23,18,69,12,148
"342",80,23,40,9,116,2,40,4,30,32,3,22
"343",30,45,7,51,4,8,2,3,17,19,9,22
"344",22,55,51,80,64,3,99,2,56,6,25,6
"345",28,6,12,41,109,1,5,20,78,17,13,63
"346",7,8,25,56,263,16,57,49,6,68,5,66
"347",10,4,13,266,1,2,79,4,81,18,18,30
"348",1,5,6,17,22,90,27,9,84,15,75,3
"349",5,11,48,54,83,39,20,18,24,317,6,2
"350",12,16,1,5,29,20,26,24,143,3,3,21
"351",80,3,239,218,44,3,154,12,18,6,42,1
"352",299,20,17,27,50,167,2,2,6,82,6,29
"353",43,17,33,77,2,6,4,5,21,3,2,15
"354",25,12,48,98,112,6,8,18,18,10,8,35
"355",27,19,7,2,33,37,12,3,1,86,8,4
"356",17,82,180,1,1,4,7,13,1,50,2,36
"357",98,1,24,4,4,70,10,51,135,44,5,20
"358",27,2,21,3,65,48,20,36,155,9,4,1
"359",3,37,80,1,13,5,11,22,159,1,3,28
"360",34,12,20,5,156,69,3,108,208,17,3,12
"361",93,54,10,123,21,3,42,101,36,7,1,54
"362",66,15,3,471,97,30,24,1,36,7,10,25
"363",7,68,9,16,39,43,20,69,16,57,3,8
"364",17,1,12,1,1,1,9,6,8,59,1,57
"365",25,99,162,43,42,1,3,12,35,45,13,3
"366",127,23,26,15,99,1,73,23,95,14,1,5
"367",8,47,2,196,66,21,2,1,8,11,2,15
"368",1,20,40,123,96,16,42,9,67,29,4,12
"369",2,2,19,22,18,468,6,27,156,9,5,127
"370",38,8,60,7,4,15,18,1,5,5,18,62
"371",17,4,24,25,99,4,4,7,163,75,4,49
"372",16,1,46,11,13,1,5,7,99,6,5,15
"373",12,13,12,1,8,13,171,6,69,39,27,6
"374",30,5,41,51,31,8,26,15,1,18,4,56
"375",37,4,201,1,6,3,39,9,53,104,20,3
"376",4,11,290,116,54,45,8,11,19,82,1,13
"377",153,27,15,2,213,47,7,54,14,243,18,56
"378",68,49,166,7,36,3,1,31,82,17,4,322
"379",124,10,1,259,231,12,41,50,4,8,62,1
"380",9,7,34,12,9,76,8,7,85,22,5,7
"381",8,20,7,32,164,12,9,22,3,46,21,5
"382",21,5,5,25,2,32,103,125,122,3,21,1
"383",16,8,21,177,8,18,86,2,28,49,17,43
"384",23,93,9,38,10,16,31,7,67,13,1,61
"385",6,16,45,39,1,8,49,60,52,4,14,31
"386",23,4,111,325,7,5,77,7,1,25,2,76
"387",1,5,10,43,16,149,20,2,6,42,2,2
"388",165,2,36,115,18,1,43,16,26,6,1,48
"389",22,16,45,3,123,225,7,12,54,12,8,13
"390",21,3,56,11,108,5,6,5,73,26,18,10
"391",8,48,34,281,25,309,48,40,4,33,29,71
"392",4,3,71,59,2,89,3,16,51,102,3,42
"393",56,2,3,168,22,7,19,29,9,23,8,180
"394",24,2,1,184,13,19,5,11,43,6,1,1
"395",2,5,5,8,32,109,76,5,121,93,1,80
"396",16,3,138,4,10,119,14,27,10,8,3,298
"397",50,2,27,12,181,27,25,44,15,47,10,17
"398",13,3,24,2,72,139,54,27,18,45,1,83
"399",80,2,13,26,17,140,14,8,23,74,36,13
"400",79,15,214,8,18,60,59,8,1,36,12,7
"401",6,3,122,9,10,142,51,29,3,63,3,47
"402",280,3,72,100,25,49,6,19,6,77,8,8
"403",20,83,14,30,78,18,96,25,38,7,12,8
"404",13,9,34,13,14,7,12,3,41,17,10,57
"405",80,14,14,75,4,51,70,25,39,46,1,36
"406",18,25,1,9,1,5,25,6,9,136,19,4
"407",4,21,27,14,5,25,29,4,2,19,7,128
"408",18,30,87,4,2,4,1,33,29,20,3,37
"409",6,8,131,11,12,6,16,1,100,64,5,24
"410",6,2,95,47,12,12,6,1,22,15,5,4
"411",91,3,141,2,1,27,15,12,97,62,9,24
"412",21,30,225,4,1,22,10,4,121,13,9,22
"413",14,4,51,94,34,11,62,6,27,58,1,7
"414",7,16,3,1,228,20,45,10,6,241,9,10
"415",52,5,5,13,16,7,1,4,29,4,133,6
"416",30,4,9,9,120,36,18,35,102,59,2,53
"417",76,105,50,11,39,16,5,26,49,135,4,3
"418",91,55,21,10,6,12,1,40,76,83,23,9
"419",709,62,4,36,157,87,2,12,109,12,2,25
"420",45,70,2,28,89,38,36,1,156,64,19,39
"421",14,48,7,12,87,18,33,7,88,56,2,15
"422",45,10,38,11,163,32,5,66,147,61,2,12
"423",79,32,40,167,4,6,14,7,4,27,16,5
"424",42,9,14,2,75,4,26,74,42,19,7,110
"425",26,15,205,34,14,96,5,12,23,22,1,18
"426",59,102,3,68,30,112,16,8,16,111,46,46
"427",193,1,4,33,23,58,43,16,97,14,2,5
"428",49,25,39,1,6,42,7,5,19,41,21,23
"429",3,30,13,9,5,125,132,22,144,49,3,2
"430",495,16,8,16,15,5,24,36,105,113,45,168
"431",13,5,10,1,49,2,1,5,23,11,3,20
"432",23,2,18,44,13,40,6,40,168,7,2,48
"433",44,3,14,6,35,35,39,7,5,45,6,66
"434",29,1,51,50,5,11,39,5,48,2,5,43
"435",1,7,30,1,13,117,3,2,45,58,2,4
"436",9,26,21,53,83,25,6,44,56,9,2,10
"437",53,12,48,23,6,68,6,3,99,39,2,49
"438",7,20,94,3,69,4,99,5,33,62,2,3
"439",55,18,32,110,14,9,20,140,26,16,10,34
"440",42,118,19,293,22,86,3,4,45,6,24,29
"441",33,9,32,222,4,9,1,8,5,13,49,51
"442",7,6,44,30,8,5,42,1,45,12,57,106
"443",9,1,37,16,5,59,23,30,40,15,1,97
"444",16,21,42,7,14,11,10,3,59,29,7,8
"445",5,64,29,3,10,11,13,73,426,25,10,10
"446",74,51,27,17,1,5,73,9,90,9,1,865
"447",54,1,2,57,14,25,14,87,9,34,2,2
"448",49,36,38,2,62,135,1,15,21,4,1,103
"449",28,2,77,320,53,15,36,39,1,48,11,45
"450",32,2,20,4,30,3,34,41,5,11,7,122
"451",71,30,2,152,42,2,9,42,30,32,120,41
"452",11,1,7,82,15,325,11,31,16,137,5,8
"453",13,24,4,12,2,1,15,25,46,6,4,114
"454",14,11,91,7,19,7,4,34,35,25,7,6
"455",35,1,111,59,11,5,6,7,7,55,22,112
"456",16,6,2,5,14,1,65,55,9,4,32,37
"457",16,65,43,35,57,35,12,24,24,8,5,35
"458",20,46,68,10,53,31,130,4,8,5,1,1
"459",7,14,199,58,5,106,14,18,25,162,103,29
"460",3,1,78,81,14,8,10,4,22,11,1,6
"461",20,7,44,7,12,57,7,55,60,66,1,37
"462",16,32,66,46,35,15,12,36,8,38,4,43
"463",12,3,37,97,5,125,14,28,103,89,33,3
"464",32,4,4,5,34,15,8,2,16,15,1,6
"465",1,14,3,19,21,20,7,38,47,21,2,16
"466",61,1,2,1,28,59,1,8,50,132,3,110
"467",5,37,4,9,3,82,52,3,14,27,9,47
"468",17,13,57,22,59,55,25,20,93,73,6,110
"469",96,8,316,21,188,64,69,24,11,23,7,74
"470",63,64,19,161,121,10,2,2,134,4,13,11
"471",11,66,13,11,7,2,54,17,7,10,123,27
"472",7,3,29,32,99,5,29,34,1,42,18,39
"473",27,1,21,116,78,3,2,15,1,12,10,77
"474",18,37,86,7,18,14,12,7,21,84,16,16
"475",79,2,14,4,44,89,22,29,10,28,3,24
"476",8,25,16,17,2,1,1,37,16,57,10,1
"477",27,3,187,67,52,76,18,8,156,6,22,324
"478",27,1,3,56,3,46,5,3,11,19,5,15
"479",8,3,120,2,1,13,19,30,23,99,42,1
"480",20,6,55,16,24,57,5,30,17,11,5,3
"481",5,6,2,75,2,70,3,8,95,20,28,55
"482",4,4,10,6,24,9,10,9,33,25,54,24
"483",31,24,1,312,9,5,17,19,8,87,20,1
"484",16,3,20,4,1,23,26,40,327,49,2,19
"485",3,6,1,8,2,25,24,10,37,14,6,57
"486",8,37,64,3,6,20,6,108,13,50,4,6
"487",5,26,34,4,2,34,59,179,35,4,10,73
"488",30,3,15,1,1,95,109,1,22,11,47,11
"489",11,3,21,10,50,61,101,30,2,8,8,20
"490",14,5,9,116,4,98,35,69,287,8,1,6
"491",57,1,16,5,4,1,8,4,54,14,12,94
"492",3,3,28,273,22,5,62,10,147,20,15,11
"493",126,1,31,18,222,1,26,5,15,200,14,12
"494",9,3,19,2,1,7,11,196,104,51,10,12
"495",1,11,111,178,18,85,43,5,1,6,3,179
"496",1095,60,149,165,68,73,8,22,28,32,23,4
"497",16,35,6,60,136,6,8,2,32,6,8,9
"498",53,29,101,17,130,3,1,3,181,5,32,17
"499",77,54,23,2,17,47,1,17,32,85,3,14
"500",5,7,62,4,12,34,45,1,7,370,23,21
"501",9,9,174,55,1,56,3,154,15,21,2,122
"502",9,3,20,190,204,65,19,8,13,14,5,16
"503",12,168,43,7,28,7,34,24,2,49,19,160
"504",22,5,35,17,932,122,2,41,153,24,8,87
"505",9,4,60,9,3,4,98,3,193,7,6,234
"506",1,18,11,42,1,193,5,7,9,506,1,2
"507",1,1,4,194,34,18,6,25,21,5,14,2
"508",36,17,6,238,2,56,6,27,167,46,3,40
"509",20,57,111,24,28,66,9,25,85,7,2,31
"510",1,123,27,2,139,4,8,29,144,29,19,3
"511",15,58,109,34,21,28,12,25,1,37,2,78
"512",21,12,35,2,26,90,41,16,115,113,23,19
"513",38,11,28,1,38,67,33,18,85,1,2,3
"514",82,9,16,36,18,51,26,18,16,22,15,124
"515",68,5,25,61,40,2,12,1,16,18,22,79
"516",99,10,62,5,52,3,42,27,23,45,20,102
"517",5,9,44,91,13,1,52,22,1,6,2,1
"518",16,16,56,47,107,13,1,86,65,3,31,126
"519",44,1,38,110,9,2,68,14,57,30,2,14
"520",102,28,14,12,66,34,1,25,37,40,1,30
"521",151,35,10,617,5,14,8,11,2,50,9,158
"522",7,12,4,7,41,2,4,9,3,41,7,3
"523",17,4,41,41,2,85,7,125,74,13,3,49
"524",4,1,32,14,11,146,3,3,26,98,9,5
"525",52,58,12,5,192,66,8,28,12,24,1,3
"526",8,3,7,6,66,4,6,6,51,5,9,203
"527",34,4,17,2,152,8,5,16,5,28,1,28
"528",6,43,23,9,36,14,54,3,184,17,22,36
"529",11,13,31,44,153,242,3,25,22,66,6,1
"530",14,40,48,7,204,110,2,6,36,10,11,15
"531",1,3,21,9,52,3,10,1,158,24,9,46
"532",96,21,78,16,2,72,10,21,258,5,5,31
"533",1,13,13,202,26,8,49,6,7,30,30,20
"534",4,5,46,5,35,14,2,7,50,63,1,74
"535",29,2,63,203,15,15,117,152,145,11,20,18
"536",12,22,18,149,11,2,5,14,16,19,7,2
"537",28,61,82,107,2,28,9,4,100,110,30,18
"538",2,1,6,13,122,8,1,3,12,5,2,5
"539",101,11,27,309,29,21,11,55,36,7,14,2
"540",1,21,42,130,12,2,70,7,36,7,13,51
"541",17,48,29,3,544,51,10,14,21,3,1,2
"542",2,45,138,28,54,1,65,23,37,35,13,14
"543",22,12,4,132,50,8,32,38,39,35,3,127
"544",54,18,8,125,27,27,20,7,1,12,11,210
"545",72,80,22,23,4,36,4,9,31,14,19,92
"546",1,7,17,1,20,22,8,8,198,1,26,140
"547",66,3,326,133,6,2,8,2,252,7,10,28
"548",7,429,53,1,46,11,4,7,5,10,6,2
"549",52,10,79,1,15,115,11,59,2,33,4,105
"550",63,2,4,1,85,4,9,19,6,3,106,2
"551",429,3,14,3,3,5,110,5,32,77,2,23
"552",18,41,140,30,83,2,41,25,117,28,8,120
"553",62,6,54,85,4,2,33,12,32,31,5,75
"554",1,13,46,3,30,45,5,11,58,71,3,11
"555",160,20,79,36,4,13,27,9,6,3,2,24
"556",5,49,37,45,8,16,2,49,34,46,1,7
"557",10,51,140,27,1,67,5,46,47,104,42,3
"558",28,14,2,7,15,32,9,6,60,17,5,168
"559",123,45,36,39,40,106,39,15,29,5,1,15
"560",2,4,79,43,54,13,19,7,101,2,45,37
"561",45,30,17,21,1,19,7,9,39,23,5,7
"562",90,14,42,10,1,2,10,3,8,10,11,62
"563",81,35,5,138,51,7,3,6,55,71,26,1
"564",1,21,93,2,6,8,1,3,64,126,3,32
"565",50,55,13,787,18,2,41,8,17,152,26,2
"566",64,42,29,18,25,16,33,26,44,5,12,15
"567",68,5,131,23,15,14,14,17,1,12,287,2
"568",23,8,108,1,8,2,9,4,29,42,2,4
"569",39,5,7,1,105,11,25,3,112,89,1,29
"570",53,10,6,4,39,91,26,26,37,9,1,43
"571",43,4,11,3,19,96,4,25,103,107,9,140
"572",35,3,58,114,61,17,2,11,90,6,11,83
"573",7,12,45,9,68,5,20,26,311,33,10,36
"574",176,4,371,7,7,7,48,54,6,19,1,18
"575",45,89,121,7,2,1,29,28,96,84,9,116
"576",137,52,19,198,69,21,17,42,9,32,18,90
"577",64,2,22,1,23,13,10,15,95,50,13,183
"578",82,55,22,11,55,48,20,5,9,14,2,48
"579",1,38,10,10,60,124,23,4,163,54,1,2
"580",26,29,111,1,5,63,5,1,47,31,26,11
"581",14,23,38,11,9,16,9,8,37,8,1,183
"582",45,4,3,100,36,100,4,2,60,35,2,34
"583",7,1,7,365,4,5,23,46,108,11,11,59
"584",181,2,6,35,31,14,64,1,228,88,7,14
"585",7,100,16,6,249,3,24,3,3,288,1,47
"586",31,7,11,12,55,108,6,16,62,13,18,12
"587",10,3,66,3,2,2,20,2,67,3,8,56
"588",18,151,128,5,11,140,163,8,11,17,21,1
"589",507,68,140,95,22,46,3,5,2,17,6,23
"590",7,3,140,7,37,16,26,1,9,15,48,45
"591",124,24,13,2,13,54,8,34,4,54,9,5
"592",42,3,19,21,1,90,35,41,20,43,21,83
"593",69,32,17,3,9,7,3,103,15,13,7,19
"594",35,5,101,53,57,4,52,4,84,8,4,96
"595",31,5,4,42,3,2,24,86,94,3,2,87
"596",50,59,21,6,55,4,1,8,50,7,1,30
"597",46,6,124,1,15,1,4,18,106,62,9,34
"598",14,67,4,543,7,2,3,1,7,49,7,17
"599",10,50,83,143,16,16,1,23,90,89,30,41
"600",14,23,39,26,21,2,2,34,7,12,1,13
"601",60,54,45,28,3,43,7,17,40,160,18,5
"602",92,1,5,9,38,3,7,2,35,34,6,26
"603",91,1,7,106,4,22,58,3,3,29,9,18
"604",20,16,29,1,36,4,200,18,69,5,3,23
"605",2,3,1,1,70,1,7,23,649,93,3,9
"606",149,1,10,18,148,14,35,4,50,30,3,18
"607",12,19,81,6,14,18,4,1,56,55,4,17
"608",10,7,13,40,14,119,18,24,131,4,3,49
"609",19,90,4,4,19,6,69,2,181,69,33,45
"610",8,4,8,22,33,6,3,14,9,64,21,39
"611",1,10,63,7,4,45,10,5,10,30,27,51
"612",2,9,6,8,132,19,51,26,134,34,21,1
"613",2,56,11,33,29,28,145,1,109,114,50,205
"614",44,4,157,2,2,17,254,94,169,39,3,2
"615",50,9,1,381,133,9,51,114,166,15,1,15
"616",8,42,48,144,61,65,6,32,502,3,4,39
"617",13,3,60,36,14,5,131,5,31,65,9,2
"618",95,2,1,2,29,49,2,7,18,24,2,44
"619",4,2,101,37,13,65,35,24,74,68,7,58
"620",59,2,52,88,121,1,10,3,12,314,33,32
"621",99,12,223,30,11,5,59,9,61,30,32,37
"622",8,18,18,41,15,35,8,17,17,73,3,48
"623",23,71,33,9,14,2,61,5,10,9,10,28
"624",62,5,2,96,5,17,23,15,25,60,1,134
"625",18,25,39,3,95,67,2,24,5,6,88,7
"626",161,12,50,3,46,10,11,5,79,106,5,100
"627",8,3,14,87,233,4,35,90,26,9,7,5
"628",72,4,67,8,147,50,2,1,43,261,11,3
"629",9,7,50,33,32,7,4,6,29,10,11,87
"630",36,308,2,7,20,8,77,29,31,23,1,95
"631",6,1,36,175,8,12,59,4,38,22,5,2
"632",53,11,18,3,134,6,7,3,72,79,24,105
"633",7,21,1,38,20,18,5,1,151,15,8,70
"634",9,9,5,32,31,14,1,6,14,52,4,5
"635",8,4,70,52,1,8,3,12,11,16,17,102
"636",40,21,15,239,1,10,35,3,2,20,2,82
"637",44,12,11,118,66,2,16,1,263,34,8,6
"638",37,31,30,62,11,2,3,2,20,77,3,32
"639",70,28,3,40,9,16,30,2,9,17,6,34
"640",70,38,82,18,3,4,18,8,10,76,1,24
"641",104,7,43,5,12,16,5,5,306,57,11,19
"642",178,2,16,3,10,3,82,28,96,40,6,96
"643",74,7,40,198,1,1,22,2,255,16,7,5
"644",88,71,9,49,69,36,24,15,146,2,1,133
"645",40,3,16,6,19,3,114,17,1,8,5,97
"646",64,68,11,16,8,25,343,47,173,10,13,60
"647",10,89,47,5,126,10,65,4,18,2,120,86
"648",24,17,41,121,28,60,37,29,100,7,15,99
"649",2,2,45,1,24,20,24,13,51,8,5,2
"650",7,2,23,85,104,14,119,81,9,10,2,2
"651",89,7,105,6,17,18,1,72,40,44,39,49
"652",76,7,126,105,13,1,12,6,23,238,23,116
"653",32,20,17,9,7,43,2,10,18,51,6,401
"654",36,8,10,216,103,22,19,29,130,37,2,227
"655",3,12,13,32,402,5,16,14,954,45,4,30
"656",110,12,11,150,6,88,17,104,6,9,11,29
"657",2,5,3,50,8,23,57,14,198,113,7,131
"658",67,4,36,1,10,28,9,5,9,14,2,15
"659",104,30,7,12,19,176,7,97,9,13,11,65
"660",1,2,8,9,34,28,36,12,28,38,6,12
"661",3,12,104,14,15,114,20,1,2,64,3,17
"662",43,20,4,5,59,5,27,9,13,59,9,220
"663",18,8,2,3,4,41,57,3,86,42,3,128
"664",75,4,106,3,16,23,74,2,14,31,1,50
"665",5,8,20,1,2,26,25,7,9,18,6,15
"666",9,2,14,12,12,2,1,1,49,27,11,13
"667",4,75,22,19,105,17,36,2,921,33,8,21
"668",74,2,288,164,34,11,221,8,19,99,1,39
"669",220,14,316,2,45,49,7,114,75,40,4,14
"670",199,4,11,144,13,130,114,2,40,5,10,1
"671",19,54,2,14,3,13,1,5,15,65,1,35
"672",33,1,22,101,23,5,120,10,187,1,2,21
"673",87,110,1,3,21,4,17,18,27,67,6,5
"674",69,63,13,41,1,288,75,10,11,4,1,6
"675",7,4,11,47,104,2,93,12,35,48,2,9
"676",63,36,78,178,5,13,8,31,25,9,6,43
"677",3,3,2,5,32,12,18,11,104,17,3,21
"678",15,10,1,15,98,198,23,77,152,75,20,82
"679",4,2,1,9,90,42,1,3,19,188,8,74
"680",77,18,1,81,15,33,42,14,7,7,35,10
"681",8,27,7,37,104,1,79,9,1,23,20,565
"682",1,18,9,4,7,4,1,61,40,47,32,165
"683",95,2,1,5,68,6,2,3,174,19,18,95
"684",20,37,1,151,287,25,220,10,17,47,24,33
"685",232,9,25,71,61,39,50,18,21,49,8,161
"686",26,38,2,6,3,241,28,11,14,85,5,9
"687",1,14,5,76,2,58,4,19,4,33,3,25
"688",69,10,61,7,155,70,134,5,2,11,16,37
"689",37,187,1,7,3,6,4,108,11,10,21,39
"690",148,29,51,7,64,15,5,3,1,21,2,123
"691",4,11,44,174,11,16,22,3,60,10,5,15
"692",15,6,111,5,3,5,5,4,8,360,14,38
"693",125,1,11,2,177,43,48,7,25,23,1,35
"694",74,12,26,1,5,77,115,3,7,43,2,117
"695",7,86,63,13,5,67,7,3,63,70,9,12
"696",57,6,67,69,27,28,15,5,194,6,11,169
"697",269,39,34,90,25,2,93,53,8,10,5,57
"698",77,1,41,3,3,87,21,4,276,24,4,9
"699",82,15,44,6,22,1,6,57,158,1,9,7
"700",3,32,19,9,3,9,5,42,5,20,94,53
"701",36,35,2,33,3,149,46,7,7,10,123,1
"702",13,8,84,119,343,3,2,12,12,65,28,4
"703",67,65,8,39,6,185,27,36,26,7,7,57
"704",6,6,12,17,4,24,7,32,120,64,23,64
"705",24,30,101,8,1,23,211,29,13,12,7,88
"706",66,2,41,113,9,63,24,34,112,4,5,18
"707",47,47,212,23,7,2,2,32,101,43,2,47
"708",5,25,11,42,12,4,28,44,1,29,2,101
"709",26,1,63,6,13,28,21,7,10,53,20,4
"710",155,9,109,17,13,143,39,92,25,9,3,12
"711",42,1,27,78,115,11,15,11,59,44,195,24
"712",29,16,2,11,35,1,43,28,95,114,4,3
"713",14,16,4,17,4,100,4,1,2,12,6,17
"714",40,15,7,313,84,17,4,28,21,5,2,1
"715",99,29,5,10,2,6,108,31,91,26,1,2
"716",8,1,13,3,9,1,78,3,140,9,32,28
"717",33,13,23,30,29,5,49,1,306,10,21,6
"718",260,23,1,2,27,38,215,17,356,65,19,3
"719",91,15,107,17,43,34,160,13,24,32,1,10
"720",113,12,4,4,289,32,22,15,145,70,3,174
"721",36,3,102,56,1,16,14,27,28,65,9,35
"722",57,6,38,9,3,10,5,1,30,33,9,12
"723",29,20,32,126,9,39,13,10,79,14,14,20
"724",21,65,5,2,5,76,35,4,5,30,4,12
"725",37,9,117,9,4,19,157,73,3,9,4,31
"726",60,5,105,28,6,72,47,95,58,38,26,1
"727",80,28,61,3,3,21,11,65,23,4,3,3
"728",20,5,412,59,69,20,1,11,38,3,35,63
"729",17,1,18,5,4,10,9,4,1,29,7,11
"730",100,6,10,78,8,10,12,6,141,75,3,19
"731",44,1,77,18,123,26,4,43,21,7,4,31
"732",53,59,76,10,24,25,44,3,274,5,87,51
"733",1,70,26,81,4,46,15,30,2,18,128,215
"734",65,40,22,20,100,1,13,5,45,20,12,3
"735",4,11,4,7,23,18,16,70,14,1,8,17
"736",9,14,19,215,2,9,45,14,1,2,15,105
"737",67,9,52,8,2,34,38,35,53,60,3,33
"738",57,1,24,35,29,24,9,4,20,16,4,16
"739",7,13,148,8,1,1,2,29,8,46,6,40
"740",99,63,179,9,41,3,2,2,3,2,2,9
"741",35,4,7,24,66,113,1,22,16,46,8,247
"742",13,5,106,15,11,34,17,57,21,44,2,15
"743",92,12,43,11,23,34,74,16,13,15,5,55
"744",1,5,55,28,54,14,2,2,10,34,6,90
"745",6,22,7,1,10,23,34,114,12,159,11,21
"746",23,2,3,12,33,60,1,12,6,21,1,35
"747",29,9,10,3,26,10,36,1,70,190,3,11
"748",1,28,1,134,215,84,44,10,19,23,10,8
"749",5,28,7,13,3,30,74,2,49,116,22,11
"750",66,4,58,100,9,74,23,134,32,19,1,69
"751",9,18,125,1,69,18,7,1,6,1,17,8
"752",3,223,27,24,57,9,72,94,64,28,7,12
"753",30,5,18,3,3,99,3,149,42,26,1,377
"754",28,91,64,389,38,34,28,24,20,210,21,11
"755",6,1,9,42,47,62,31,26,11,399,5,15
"756",45,5,45,21,9,68,13,131,39,263,6,61
"757",38,18,7,2,85,11,4,82,153,11,2,16
"758",211,11,3,2,22,78,71,4,259,44,34,2
"759",19,15,38,123,11,47,3,39,100,36,4,175
"760",17,5,4,115,117,1,8,43,28,1,7,13
"761",16,7,18,1,6,4,37,4,147,42,2,145
"762",58,1,44,177,41,362,7,8,6,52,4,2
"763",74,3,48,225,8,4,77,3,12,7,72,457
"764",11,1,8,10,23,16,30,2,45,31,2,29
"765",8,26,85,193,24,1,26,4,4,24,28,64
"766",3,55,4,3,3,1,5,30,65,17,7,18
"767",1,32,1,3,144,5,32,1,2,12,4,44
"768",40,1,114,145,96,2,4,15,51,4,27,3
"769",18,2,39,250,6,50,164,4,102,93,2,28
"770",5,21,34,34,4,5,33,4,6,91,6,3
"771",22,4,39,32,37,1,6,2,44,37,29,97
"772",16,3,24,3,16,1,40,40,69,25,14,106
"773",1,34,50,25,76,2,3,3,5,29,6,11
"774",33,1,121,32,25,51,2,13,124,31,3,25
"775",137,60,5,61,6,1,1,3,43,3,34,124
"776",125,15,14,3,13,80,12,37,13,17,9,2
"777",21,25,600,144,1,46,13,16,4,9,1,1
"778",4,63,130,1,6,197,61,5,52,10,41,120
"779",140,18,29,46,96,52,39,33,7,33,10,12
"780",20,104,6,2,39,104,25,30,20,301,10,1
"781",34,3,3,134,8,151,35,95,2,49,18,1
"782",3,60,3,61,13,51,58,22,4,205,5,8
"783",86,2,5,1,58,2,6,13,370,4,11,2
"784",2,21,22,7,32,27,11,2,3,127,3,79
"785",128,15,29,10,110,16,72,26,13,3,31,78
"786",23,5,8,27,3,4,13,69,1,30,5,8
"787",16,18,183,5,25,2,34,133,127,56,9,2
"788",221,22,5,14,23,174,22,5,169,14,9,18
"789",74,13,1,18,71,2,15,35,189,41,2,2
"790",73,101,19,285,5,63,9,61,41,13,8,58
"791",3,28,1,94,109,17,5,31,22,80,3,4
"792",516,4,2,7,3,6,39,37,5,102,2,2
"793",28,13,8,9,7,8,1,5,7,35,6,45
"794",40,30,64,19,15,75,53,7,2,20,3,20
"795",44,4,114,16,15,17,1,59,28,84,32,3
"796",51,13,31,116,9,1,15,3,103,31,3,16
"797",20,78,18,11,4,37,1,9,24,39,90,3
"798",102,70,1,17,28,3,15,22,58,9,5,1
"799",74,3,5,9,34,9,20,134,112,8,3,21
"800",148,29,54,144,36,84,12,18,9,1,1,4
"801",179,3,6,221,13,56,30,44,1,6,21,55
"802",16,13,21,41,7,19,81,47,378,9,4,20
"803",52,14,62,165,4,14,7,48,12,21,3,3
"804",15,3,1,9,11,24,20,7,44,46,9,16
"805",54,6,14,12,2,25,5,18,1,21,1,15
"806",32,1,65,28,3,40,189,9,1,23,18,16
"807",45,2,18,62,28,77,70,2,96,134,14,2
"808",2,1,4,57,146,41,2,14,31,169,2,28
"809",2,41,20,14,1,1,10,10,9,28,11,81
"810",2,2,165,1,38,42,80,88,32,107,4,115
"811",8,14,33,20,20,1,57,40,17,48,3,70
"812",20,3,69,24,249,24,32,28,14,15,3,12
"813",177,3,53,47,5,1,2,8,59,69,1,3
"814",139,3,32,133,5,10,60,14,65,4,4,42
"815",20,1,275,18,35,36,34,18,56,79,13,21
"816",50,6,60,2,164,2,7,8,56,2,3,199
"817",2,13,7,11,15,45,42,26,21,151,32,3
"818",28,2,21,8,34,6,6,32,100,211,11,38
"819",8,42,170,1,13,5,24,5,8,21,8,88
"820",44,13,34,3,68,78,1,20,77,13,78,59
"821",50,2,68,3,7,33,5,69,63,23,6,153
"822",42,3,147,19,65,12,39,29,56,29,6,94
"823",56,2,26,1,2,72,14,8,6,81,5,57
"824",5,13,11,44,9,18,6,2,2,28,10,20
"825",2,80,46,47,4,33,6,6,10,10,2,113
"826",1,22,15,1,16,7,47,1,21,39,26,9
"827",11,18,1,10,5,7,20,7,90,40,3,20
"828",3,97,67,161,31,7,9,6,59,58,25,11
"829",8,33,311,29,10,33,1,16,35,11,2,63
"830",14,10,162,18,39,169,50,23,35,20,14,25
"831",22,18,92,4,15,1,5,22,9,23,10,43
"832",44,15,1,8,32,5,23,60,24,11,13,61
"833",2,5,152,39,26,3,1,40,10,63,18,220
"834",39,9,7,32,10,31,19,3,64,8,3,2
"835",9,1,16,162,117,50,60,12,15,38,8,9
"836",34,7,38,39,20,109,9,14,262,45,3,48
"837",9,80,7,11,2,88,26,22,64,542,2,63
"838",11,1,34,26,6,25,53,5,114,10,8,17
"839",18,5,2,5,2,23,4,4,26,35,1,20
"840",32,10,9,8,175,178,30,28,1,10,14,23
"841",30,3,114,148,30,5,1,60,48,52,1,145
"842",25,7,24,100,7,2,14,3,11,114,6,4
"843",28,4,107,22,154,3,101,10,151,15,3,4
"844",32,10,60,62,5,93,9,15,16,35,15,14
"845",51,7,26,122,72,1,1,19,75,26,5,18
"846",12,11,12,29,25,2,37,69,8,14,3,42
"847",32,2,1,11,9,1,14,22,166,87,27,47
"848",24,1,11,184,10,165,4,39,81,89,2,79
"849",11,1,31,49,28,2,56,57,64,10,8,61
"850",43,49,203,205,1,147,2,22,24,2,1,8
"851",2,3,255,23,166,34,2,13,86,2,112,3
"852",35,9,18,3,16,3,210,41,36,8,1,109
"853",17,12,87,1,1,5,13,7,6,26,1,13
"854",8,58,22,1,4,12,2,9,70,24,4,34
"855",9,19,89,25,25,9,249,5,98,25,14,10
"856",54,29,24,1,17,1,1,7,17,1,4,44
"857",32,37,14,3,274,40,16,4,5,35,5,10
"858",66,42,6,22,36,165,4,5,41,65,1,1
"859",73,12,14,18,11,20,11,6,25,119,44,18
"860",1,17,159,2,41,1,34,2,52,75,2,2
"861",2,3,27,28,96,26,38,9,29,36,3,39
"862",11,6,36,2,46,16,32,22,49,47,2,65
"863",21,3,19,2,2,32,16,1,15,6,5,16
"864",13,6,86,1,16,12,33,14,48,6,5,75
"865",39,10,4,211,3,11,65,7,86,338,3,44
"866",5,30,3,3,84,54,25,13,46,17,2,78
"867",46,5,64,27,19,2,70,23,48,81,16,108
"868",5,12,65,48,208,16,8,11,233,35,8,12
"869",6,2,47,1,98,1,25,98,18,6,25,43
"870",38,3,2,5,1,5,39,13,5,51,3,3
"871",1,6,9,68,8,9,28,9,19,29,1,6
"872",31,5,7,61,6,8,52,1,61,1,26,84
"873",18,20,4,4,1,16,25,15,34,17,2,12
"874",2,11,191,4,17,41,38,25,7,22,2,19
"875",76,8,2,27,24,132,2,12,131,72,23,20
"876",28,5,29,688,19,17,10,88,19,26,18,9
"877",3,26,3,60,17,7,4,225,13,181,4,158
"878",1,6,10,26,20,3,1,1,9,33,3,9
"879",28,3,45,14,38,2,15,27,2,57,49,9
"880",68,10,9,7,1,4,2,8,8,41,1,10
"881",77,3,6,131,41,44,19,1,57,18,1,105
"882",21,10,1,17,62,10,2,7,104,58,22,156
"883",48,14,5,8,692,2,7,9,4,36,9,10
"884",7,15,134,14,14,6,80,12,10,102,4,26
"885",1,7,2,142,13,21,1,2,4,11,1,16
"886",25,5,10,12,16,50,1,53,64,3,5,2
"887",5,88,13,1,29,2,60,3,1,5,2,72
"888",90,15,3,77,224,73,2,41,13,18,1,1
"889",1,9,10,171,2,14,5,30,29,18,25,6
"890",7,8,22,2,29,4,46,11,8,23,8,14
"891",34,14,4,5,2,393,31,44,2,13,1,24
"892",65,10,2,14,78,102,36,24,122,9,5,32
"893",11,30,26,2,18,2,66,5,205,55,6,48
"894",36,36,100,2,17,2,8,58,4,13,76,2
"895",4,14,69,23,107,43,9,125,85,1,7,40
"896",56,45,27,6,30,18,9,13,28,35,13,3
"897",251,50,5,18,135,10,3,13,10,121,3,29
"898",1,7,2,1,6,5,13,35,49,5,11,68
"899",37,15,5,1,64,3,38,43,5,12,10,178
"900",32,7,15,6,10,14,3,12,14,22,9,16
"901",2,17,2,5,9,34,40,91,12,38,4,45
"902",792,8,97,20,151,1,1,3,79,1,13,78
"903",30,11,33,13,57,5,37,9,105,151,3,56
"904",25,21,14,1,15,23,25,9,80,192,31,34
"905",69,13,40,298,16,1,41,43,1,22,14,13
"906",39,9,12,3,198,5,6,185,79,9,6,16
"907",52,4,22,11,40,282,3,1,264,10,4,266
"908",12,5,22,10,104,5,3,32,19,3,7,54
"909",175,60,1,7,1,42,1,67,111,7,14,55
"910",46,17,26,178,19,31,3,1,29,70,14,9
"911",892,26,3,280,7,52,127,25,54,14,4,44
"912",4,10,1,226,6,10,101,25,3,8,12,108
"913",129,38,21,1,5,145,33,15,34,70,8,36
"914",16,33,18,133,63,31,49,3,9,44,3,40
"915",44,51,44,193,9,1,26,8,65,5,2,57
"916",2,14,8,35,10,20,5,9,148,7,3,12
"917",2,1,69,14,1,14,40,11,11,5,12,69
"918",92,12,4,4,48,4,55,9,20,20,15,103
"919",10,34,10,18,4,3,60,38,18,1,7,19
"920",15,10,30,39,54,55,1,1,44,96,6,105
"921",57,32,5,23,21,61,16,2,20,1,15,97
"922",1,1,10,4,204,18,2,2,58,92,46,44
"923",5,19,252,6,98,3,69,2,69,25,59,25
"924",5,42,13,10,3,14,85,3,3,46,1,30
"925",33,4,1,11,6,8,5,180,13,19,1,5
"926",1,1,145,30,28,30,1,10,39,38,23,8
"927",13,22,154,1,46,1,3,45,24,42,24,139
"928",9,10,151,1,14,120,42,8,22,11,4,102
"929",78,17,36,7,3,1,156,8,82,4,13,3
"930",1,40,35,5,109,62,2,1,79,3,3,23
"931",21,104,35,4,72,10,8,15,58,140,7,5
"932",81,2,20,2,23,6,11,37,13,26,12,38
"933",1,28,115,1,15,52,46,2,216,4,6,121
"934",21,2,81,218,189,9,4,18,57,108,1,2
"935",20,100,1,90,4,171,1,27,23,6,50,33
"936",5,2,22,18,12,109,33,10,8,19,2,64
"937",2,97,7,292,3,2,13,5,42,3,5,17
"938",4,2,97,8,39,2,58,5,83,2,2,57
"939",107,60,5,59,16,4,23,26,16,99,9,88
"940",7,46,21,12,20,19,30,53,27,2,5,1
"941",57,48,45,1,50,5,27,23,119,10,5,70
"942",18,6,3,42,25,44,16,5,6,25,9,13
"943",1,7,124,3,29,27,9,10,9,111,12,6
"944",17,23,74,77,6,139,58,7,8,15,46,416
"945",60,22,18,45,28,59,17,5,25,48,4,8
"946",27,3,43,8,3,5,2,16,152,70,4,1
"947",34,2,1,176,32,12,6,145,13,62,8,16
"948",11,69,15,154,15,28,4,6,228,17,2,7
"949",32,7,5,13,1,19,9,14,23,6,1,50
"950",12,2,5,241,2,18,10,6,34,42,10,127
"951",7,29,144,280,1,34,36,12,11,68,1,39
"952",64,15,7,32,1,2,3,3,57,100,2,4
"953",30,11,8,36,29,7,2,7,57,14,3,171
"954",142,6,4,75,10,93,21,1,23,107,15,11
"955",60,29,147,13,10,157,1,2,6,2,14,57
"956",30,19,9,40,65,94,21,22,39,29,4,128
"957",39,10,57,188,165,7,2,104,8,5,36,7
"958",42,37,1,66,40,5,4,14,75,13,1,9
"959",54,1,68,27,11,40,22,39,33,22,27,11
"960",42,8,32,103,16,1,1,7,46,31,6,16
"961",3,82,126,205,18,127,57,25,25,52,1,56
"962",55,1,7,13,45,138,45,15,16,16,2,88
"963",4,65,4,5,4,19,14,37,10,5,3,30
"964",51,192,138,3,1,5,112,6,47,82,8,85
"965",37,5,45,17,25,34,5,11,3,7,76,128
"966",12,20,34,4,213,190,12,19,62,38,5,68
"967",8,1,62,16,19,8,14,31,4,19,16,3
"968",120,3,33,108,5,98,20,3,204,3,17,4
"969",9,5,22,2,10,45,2,3,159,46,52,94
"970",16,13,19,273,33,4,114,2,13,81,2,318
"971",17,1,123,48,69,1,45,11,15,21,12,5
"972",72,151,2,12,34,10,12,27,3,69,6,19
"973",98,1,128,1,42,9,51,10,13,168,6,7
"974",27,2,10,49,9,6,8,15,36,163,1,242
"975",211,15,14,10,1,51,3,6,3,3,16,1
"976",6,14,18,30,5,22,41,14,71,18,17,80
"977",47,73,17,3,3,4,13,12,54,5,6,49
"978",42,2,11,7,8,73,12,11,51,54,1,1
"979",21,28,6,4,1,3,29,1,63,18,2,131
"980",62,9,11,45,107,3,7,6,25,4,2,98
"981",12,18,2,6,32,184,7,6,38,4,17,1
"982",12,12,91,231,70,45,15,26,43,121,3,96
"983",6,24,61,13,2,8,20,14,16,18,2,25
"984",6,5,32,74,12,44,33,115,19,11,12,4
"985",51,36,15,21,31,30,15,6,34,115,13,35
"986",112,8,75,90,14,1,5,16,5,34,2,101
"987",24,6,23,219,1,34,7,2,30,76,2,27
"988",2,5,67,106,34,4,44,10,36,64,9,110
"989",86,1,30,13,2,2,80,7,3,51,10,41
"990",1,36,33,52,7,7,88,2,6,49,334,95
"991",1,1,33,5,44,7,11,48,4,257,20,62
"992",106,9,13,2,3,53,39,23,48,179,6,14
"993",17,28,10,5,30,11,36,1,30,18,105,35
"994",48,18,81,24,2,37,5,48,6,4,4,200
"995",164,12,2,15,57,82,18,8,89,59,2,8
"996",1,5,11,1,5,7,52,114,11,7,1,45
"997",9,3,51,83,44,9,9,48,21,92,9,25
"998",21,16,123,190,18,25,3,21,88,20,11,206
"999",18,3,90,36,48,18,50,120,54,43,309,304
"1000",190,42,6,2,7,30,137,1,28,7,1,38
